%YAML:1.0
---
aruco_bc_dict: ARUCO
aruco_bc_nmarkers: 20
aruco_bc_mInfoType: 1
aruco_bc_markers:
   - { id:0, corners:[ [ -6.8988389968872070e+00, 3.7730362266302109e-02,
       3.5030516982078552e-01 ], [ -6.7918524742126465e+00,
       1.2006122618913651e-01, 3.4959131479263306e-01 ], [
       -6.7102909088134766e+00, 1.3922024518251419e-02,
       3.3206608891487122e-01 ], [ -6.8172774314880371e+00,
       -6.8408839404582977e-02, 3.3277994394302368e-01 ] ] }
   - { id:1, corners:[ [ -7.5694766044616699e+00,
       -1.3637804985046387e-01, 3.9585497975349426e-01 ], [
       -7.6997842788696289e+00, -1.0451214015483856e-01,
       4.1100257635116577e-01 ], [ -7.6665835380554199e+00,
       2.5846447795629501e-02, 4.2237642407417297e-01 ], [
       -7.5362758636474609e+00, -6.0194618999958038e-03,
       4.0722882747650146e-01 ] ] }
   - { id:2, corners:[ [ -8.4339370727539062e+00, 2.7762997895479202e-02,
       4.5320594310760498e-01 ], [ -8.2990932464599609e+00,
       3.0384588986635208e-02, 4.4726300239562988e-01 ], [
       -8.2970237731933594e+00, -1.0403504967689514e-01,
       4.3493103981018066e-01 ], [ -8.4318675994873047e+00,
       -1.0665664076805115e-01, 4.4087398052215576e-01 ] ] }
   - { id:3, corners:[ [ 6.2617063522338867e-01, 3.1708441674709320e-02,
       3.8501317501068115e+00 ], [ 6.2625068426132202e-01,
       3.3801652491092682e-02, 3.9851152896881104e+00 ], [
       6.2510418891906738e-01, -1.0117725282907486e-01,
       3.9872090816497803e+00 ], [ 6.2502413988113403e-01,
       -1.0327046364545822e-01, 3.8522255420684814e+00 ] ] }
   - { id:4, corners:[ [ 6.5543198585510254e-01, 6.0483176261186600e-02,
       3.2656416893005371e+00 ], [ 6.4368617534637451e-01,
       5.6707341223955154e-02, 3.4000768661499023e+00 ], [
       6.4001524448394775e-01, -7.8180164098739624e-02,
       3.3959674835205078e+00 ], [ 6.5176105499267578e-01,
       -7.4404329061508179e-02, 3.2615323066711426e+00 ] ] }
   - { id:5, corners:[ [ 6.8917167186737061e-01, 6.0655578970909119e-02,
       2.6263570785522461e+00 ], [ 6.7639660835266113e-01,
       5.8898419141769409e-02, 2.7607398033142090e+00 ], [
       6.7130541801452637e-01, -7.5986832380294800e-02,
       2.7584919929504395e+00 ], [ 6.8408048152923584e-01,
       -7.4229672551155090e-02, 2.6241092681884766e+00 ] ] }
   - { id:6, corners:[ [ 7.4861729145050049e-01, 1.0157783329486847e-01,
       1.9683307409286499e+00 ], [ 7.3437976837158203e-01,
       1.0047993063926697e-01, 2.1025733947753906e+00 ], [
       7.2861838340759277e-01, -3.4386187791824341e-02,
       2.1008594036102295e+00 ], [ 7.4285590648651123e-01,
       -3.3288285136222839e-02, 1.9666166305541992e+00 ] ] }
   - { id:7, corners:[ [ 7.3217850923538208e-01, 7.6145954430103302e-02,
       1.3535058498382568e+00 ], [ 7.3097509145736694e-01,
       7.6366387307643890e-02, 1.4885002374649048e+00 ], [
       7.3003965616226196e-01, -5.8630220592021942e-02,
       1.4887123107910156e+00 ], [ 7.3124307394027710e-01,
       -5.8850653469562531e-02, 1.3537179231643677e+00 ] ] }
   - { id:8, corners:[ [ 7.0186984539031982e-01, 8.2555249333381653e-02,
       6.7559504508972168e-01 ], [ 7.0500922203063965e-01,
       8.5796684026718140e-02, 8.1051957607269287e-01 ], [
       7.0665562152862549e-01, -4.9155265092849731e-02,
       8.1372332572937012e-01 ], [ 7.0351624488830566e-01,
       -5.2396699786186218e-02, 6.7879879474639893e-01 ] ] }
   - { id:9, corners:[ [ 4.9950778484344482e-01, -9.0344607830047607e-02,
       1.2497264146804810e-01 ], [ 4.9804589152336121e-01,
       4.4567894190549850e-02, 1.2033808231353760e-01 ], [
       4.9646419286727905e-01, 4.9185287207365036e-02,
       2.5524982810020447e-01 ], [ 4.9792608618736267e-01,
       -8.5727214813232422e-02, 2.5988438725471497e-01 ] ] }
   - { id:10, corners:[ [ -6.7499883472919464e-02,
       6.7499898374080658e-02, -1.8626451492309570e-09 ], [
       6.7500121891498566e-02, 6.7499898374080658e-02,
       -1.8626451492309570e-09 ], [ 6.7500121891498566e-02,
       -6.7500106990337372e-02, -1.8626451492309570e-09 ], [
       -6.7499883472919464e-02, -6.7500106990337372e-02,
       -1.8626451492309570e-09 ] ] }
   - { id:11, corners:[ [ -7.0844084024429321e-01,
       3.8874268531799316e-01, 7.9576201736927032e-02 ], [
       -5.7370913028717041e-01, 3.9234685897827148e-01,
       8.7282165884971619e-02 ], [ -5.6961303949356079e-01,
       2.5768554210662842e-01, 7.8647859394550323e-02 ], [
       -7.0434474945068359e-01, 2.5408136844635010e-01,
       7.0941895246505737e-02 ] ] }
   - { id:12, corners:[ [ -1.3548284769058228e+00,
       2.1987019479274750e-01, 1.2294904328882694e-02 ], [
       -1.2609204053878784e+00, 3.1649270653724670e-01,
       2.0684102550148964e-02 ], [ -1.1641548871994019e+00,
       2.2236241400241852e-01, 2.1643422544002533e-02 ], [
       -1.2580629587173462e+00, 1.2573990225791931e-01,
       1.3254224322736263e-02 ] ] }
   - { id:13, corners:[ [ -1.9929997920989990e+00,
       1.3356667757034302e-01, 4.7976613044738770e-02 ], [
       -1.8580034971237183e+00, 1.3455709815025330e-01,
       4.7960534691810608e-02 ], [ -1.8570170402526855e+00,
       -6.8254768848419189e-05, 3.7958279252052307e-02 ], [
       -1.9920133352279663e+00, -1.0586604475975037e-03,
       3.7974357604980469e-02 ] ] }
   - { id:14, corners:[ [ -2.6533997058868408e+00,
       1.0474270582199097e-01, 7.0105455815792084e-02 ], [
       -2.5184228420257568e+00, 1.0655905306339264e-01,
       6.8376280367374420e-02 ], [ -2.5167300701141357e+00,
       -2.8107941150665283e-02, 5.9052195399999619e-02 ], [
       -2.6517069339752197e+00, -2.9924288392066956e-02,
       6.0781370848417282e-02 ] ] }
   - { id:15, corners:[ [ -3.2660870552062988e+00,
       1.6128093004226685e-01, 1.0033509135246277e-01 ], [
       -3.1312348842620850e+00, 1.6335028409957886e-01,
       9.4365909695625305e-02 ], [ -3.1296596527099609e+00,
       2.8812877833843231e-02, 8.3311289548873901e-02 ], [
       -3.2645118236541748e+00, 2.6743523776531219e-02,
       8.9280471205711365e-02 ] ] }
   - { id:16, corners:[ [ -3.8434917926788330e+00,
       -1.5871277451515198e-01, 9.7406625747680664e-02 ], [
       -3.7950053215026855e+00, -3.2845661044120789e-02,
       1.0302174091339111e-01 ], [ -3.6695477962493896e+00,
       -8.0524712800979614e-02, 8.8458061218261719e-02 ], [
       -3.7180342674255371e+00, -2.0639182627201080e-01,
       8.2842946052551270e-02 ] ] }
   - { id:17, corners:[ [ -4.5230340957641602e+00,
       1.5032994747161865e-01, 1.9420400261878967e-01 ], [
       -4.3885512351989746e+00, 1.5089860558509827e-01,
       1.8240964412689209e-01 ], [ -4.3890447616577148e+00,
       1.6443602740764618e-02, 1.7030128836631775e-01 ], [
       -4.5235276222229004e+00, 1.5874959528446198e-02,
       1.8209564685821533e-01 ] ] }
   - { id:18, corners:[ [ -5.2135868072509766e+00,
       1.3420408964157104e-01, 2.8590208292007446e-01 ], [
       -5.0791921615600586e+00, 1.3679900765419006e-01,
       2.7339473366737366e-01 ], [ -5.0775413513183594e+00,
       2.1942630410194397e-03, 2.6320475339889526e-01 ], [
       -5.2119359970092773e+00, -4.0065497159957886e-04,
       2.7571210265159607e-01 ] ] }
   - { id:19, corners:[ [ -5.9643316268920898e+00,
       1.2303051352500916e-01, 3.3168584108352661e-01 ], [
       -5.8294639587402344e+00, 1.2306940555572510e-01,
       3.2571589946746826e-01 ], [ -5.8299350738525391e+00,
       -1.1437471956014633e-02, 3.1419718265533447e-01 ], [
       -5.9648027420043945e+00, -1.1476363986730576e-02,
       3.2016712427139282e-01 ] ] }
