%YAML:1.0
---
image_width: 640
image_height: 480
camera_matrix: !!opencv-matrix
   rows: 3
   cols: 3
   dt: f
   data: [ 8.06263489e+02, 0., 3.41432587e+02, 0., 8.02908264e+02,
       2.29318985e+02, 0., 0., 1. ]
distortion_coefficients: !!opencv-matrix
   rows: 1
   cols: 5
   dt: f
   data: [ -6.41263053e-02, 1.91820145e-01, -1.56360026e-03,
       1.26064825e-03, 3.08051385e-04 ]
