%YAML:1.0
---
aruco_bc_dict: ARUCO
aruco_bc_nmarkers: 21
aruco_bc_mInfoType: 1
aruco_bc_markers:
   - { id:3, corners:[ [ 6.5169465541839600e-01, 4.2047403752803802e-02,
       3.8269133567810059e+00 ], [ 6.5314984321594238e-01,
       4.5767255127429962e-02, 3.9618542194366455e+00 ], [
       6.5423238277435303e-01, -8.9177466928958893e-02,
       3.9655623435974121e+00 ], [ 6.5277719497680664e-01,
       -9.2897318303585052e-02, 3.8306214809417725e+00 ] ] }
   - { id:4, corners:[ [ 6.5226584672927856e-01, 6.4699508249759674e-02,
       3.2459266185760498e+00 ], [ 6.5385973453521729e-01,
       6.2177263200283051e-02, 3.3808937072753906e+00 ], [
       6.5384393930435181e-01, -7.2799168527126312e-02,
       3.3783714771270752e+00 ], [ 6.5225005149841309e-01,
       -7.0276923477649689e-02, 3.2434043884277344e+00 ] ] }
   - { id:5, corners:[ [ 6.5011781454086304e-01, 6.0381606221199036e-02,
       2.6148793697357178e+00 ], [ 6.5323263406753540e-01,
       6.0003772377967834e-02, 2.7498428821563721e+00 ], [
       6.5518170595169067e-01, -7.4981495738029480e-02,
       2.7494199275970459e+00 ], [ 6.5206688642501831e-01,
       -7.4603661894798279e-02, 2.6144564151763916e+00 ] ] }
   - { id:6, corners:[ [ 6.4879816770553589e-01, 9.7526878118515015e-02,
       1.9635460376739502e+00 ], [ 6.4487284421920776e-01,
       9.6832215785980225e-02, 2.0984871387481689e+00 ], [
       6.4512044191360474e-01, -3.8165807723999023e-02,
       2.0977995395660400e+00 ], [ 6.4904576539993286e-01,
       -3.7471145391464233e-02, 1.9628583192825317e+00 ] ] }
   - { id:7, corners:[ [ 6.5199047327041626e-01, 7.2922520339488983e-02,
       1.3566340208053589e+00 ], [ 6.4738464355468750e-01,
       7.2704963386058807e-02, 1.4915552139282227e+00 ], [
       6.4806634187698364e-01, -6.2293175607919693e-02,
       1.4913607835769653e+00 ], [ 6.5267217159271240e-01,
       -6.2075618654489517e-02, 1.3564395904541016e+00 ] ] }
   - { id:8, corners:[ [ 6.7122673988342285e-01, 8.0347999930381775e-02,
       6.7843443155288696e-01 ], [ 6.6687101125717163e-01,
       8.3491683006286621e-02, 8.1332755088806152e-01 ], [
       6.6658651828765869e-01, -5.1471587270498276e-02,
       8.1646364927291870e-01 ], [ 6.7094224691390991e-01,
       -5.4615270346403122e-02, 6.8157052993774414e-01 ] ] }
   - { id:9, corners:[ [ 4.9969971179962158e-01, -9.2378914356231689e-02,
       1.0995539277791977e-01 ], [ 4.9926653504371643e-01,
       4.2542468756437302e-02, 1.0536932200193405e-01 ], [
       4.9294465780258179e-01, 4.7103252261877060e-02,
       2.4014407396316528e-01 ], [ 4.9337783455848694e-01,
       -8.7818130850791931e-02, 2.4473014473915100e-01 ] ] }
   - { id:10, corners:[ [ -6.7500956356525421e-02,
       6.7500025033950806e-02, 3.7252902984619141e-08 ], [
       6.7499049007892609e-02, 6.7500025033950806e-02,
       3.7252902984619141e-08 ], [ 6.7499049007892609e-02,
       -6.7499980330467224e-02, 3.7252902984619141e-08 ], [
       -6.7500956356525421e-02, -6.7499980330467224e-02,
       3.7252902984619141e-08 ] ] }
   - { id:11, corners:[ [ -7.1359449625015259e-01,
       3.7714707851409912e-01, 7.9398572444915771e-02 ], [
       -5.7869267463684082e-01, 3.8126522302627563e-01,
       8.2487843930721283e-02 ], [ -5.7450002431869507e-01,
       2.4636977910995483e-01, 7.9226493835449219e-02 ], [
       -7.0940184593200684e-01, 2.4225161969661713e-01,
       7.6137222349643707e-02 ] ] }
   - { id:12, corners:[ [ -1.3538541793823242e+00,
       2.0323131978511810e-01, 5.1825717091560364e-03 ], [
       -1.2608568668365479e+00, 3.0109095573425293e-01,
       5.1040942780673504e-03 ], [ -1.1630191802978516e+00,
       2.0811231434345245e-01, 2.3165834136307240e-03 ], [
       -1.2560164928436279e+00, 1.1025269329547882e-01,
       2.3950608447194099e-03 ] ] }
   - { id:13, corners:[ [ -1.9762890338897705e+00,
       1.1462485790252686e-01, 5.3862787783145905e-02 ], [
       -1.8413296937942505e+00, 1.1700050532817841e-01,
       5.6168358772993088e-02 ], [ -1.8388795852661133e+00,
       -1.7905075103044510e-02, 5.1754072308540344e-02 ], [
       -1.9738389253616333e+00, -2.0280722528696060e-02,
       4.9448501318693161e-02 ] ] }
   - { id:14, corners:[ [ -2.6336057186126709e+00,
       8.0125235021114349e-02, 5.8038819581270218e-02 ], [
       -2.4986479282379150e+00, 8.3232320845127106e-02,
       5.9367895126342773e-02 ], [ -2.4955098628997803e+00,
       -5.1692746579647064e-02, 5.6146074086427689e-02 ], [
       -2.6304676532745361e+00, -5.4799832403659821e-02,
       5.4816998541355133e-02 ] ] }
   - { id:15, corners:[ [ -3.2367188930511475e+00,
       1.3276940584182739e-01, 3.6965638399124146e-02 ], [
       -3.1019043922424316e+00, 1.3543617725372314e-01,
       4.3517354875802994e-02 ], [ -3.0992510318756104e+00,
       4.6268105506896973e-04, 4.3855026364326477e-02 ], [
       -3.2340655326843262e+00, -2.2040903568267822e-03,
       3.7303309887647629e-02 ] ] }
   - { id:16, corners:[ [ -3.7952578067779541e+00,
       2.0561974495649338e-02, 3.2703846693038940e-02 ], [
       -3.6603751182556152e+00, 2.4026732891798019e-02,
       3.7131987512111664e-02 ], [ -3.6569554805755615e+00,
       -1.1092242598533630e-01, 3.8556739687919617e-02 ], [
       -3.7918381690979004e+00, -1.1438718438148499e-01,
       3.4128598868846893e-02 ] ] }
   - { id:17, corners:[ [ -4.4643740653991699e+00,
       1.1559946835041046e-01, 1.3506668619811535e-04 ], [
       -4.3295888900756836e+00, 1.1666871607303619e-01,
       7.6742125675082207e-03 ], [ -4.3284926414489746e+00,
       -1.8326058983802795e-02, 7.2170225903391838e-03 ], [
       -4.4632778167724609e+00, -1.9395306706428528e-02,
       -3.2212329097092152e-04 ] ] }
   - { id:18, corners:[ [ -5.1558761596679688e+00,
       1.0289527475833893e-01, -1.8579980358481407e-02 ], [
       -5.0210165977478027e+00, 1.0546031594276428e-01,
       -1.2986212968826294e-02 ], [ -5.0184631347656250e+00,
       -2.9515117406845093e-02, -1.2650800868868828e-02 ], [
       -5.1533226966857910e+00, -3.2080158591270447e-02,
       -1.8244568258523941e-02 ] ] }
   - { id:19, corners:[ [ -5.9055142402648926e+00,
       8.8162712752819061e-02, -2.4502370506525040e-02 ], [
       -5.7705245018005371e+00, 8.9283667504787445e-02,
       -2.3289285600185394e-02 ], [ -5.7694306373596191e+00,
       -4.5678682625293732e-02, -2.0294498652219772e-02 ], [
       -5.9044203758239746e+00, -4.6799637377262115e-02,
       -2.1507583558559418e-02 ] ] }
   - { id:20, corners:[ [ -6.6863269805908203e+00,
       6.4816229045391083e-02, -2.9401572421193123e-02 ], [
       -6.5513653755187988e+00, 6.7045398056507111e-02,
       -2.7060279622673988e-02 ], [ -6.5491542816162109e+00,
       -6.7932330071926117e-02, -2.5998910889029503e-02 ], [
       -6.6841158866882324e+00, -7.0161499083042145e-02,
       -2.8340203687548637e-02 ] ] }
   - { id:21, corners:[ [ -7.4134254455566406e+00,
       9.9492594599723816e-02, -1.9667021930217743e-02 ], [
       -7.2785100936889648e+00, 9.6313416957855225e-02,
       -2.3227468132972717e-02 ], [ -7.2815189361572266e+00,
       -3.8503199815750122e-02, -1.6869273036718369e-02 ], [
       -7.4164342880249023e+00, -3.5324022173881531e-02,
       -1.3308826833963394e-02 ] ] }
   - { id:22, corners:[ [ -8.1161394119262695e+00,
       4.8966772854328156e-02, 1.0575250722467899e-02 ], [
       -7.9812369346618652e+00, 4.8443518579006195e-02,
       5.4764477536082268e-03 ], [ -7.9816021919250488e+00,
       -8.6491040885448456e-02, 9.6639404073357582e-03 ], [
       -8.1165046691894531e+00, -8.5967786610126495e-02,
       1.4762743376195431e-02 ] ] }
   - { id:23, corners:[ [ -8.6966600418090820e+00,
       -9.5760986208915710e-02, 7.7609680593013763e-02 ], [
       -8.8301582336425781e+00, -1.1236393451690674e-01,
       8.8908575475215912e-02 ], [ -8.8471345901489258e+00,
       2.1508824080228806e-02, 8.5049487650394440e-02 ], [
       -8.7136363983154297e+00, 3.8111772388219833e-02,
       7.3750592768192291e-02 ] ] }
