%YAML:1.0
---
aruco_bc_dict: ARUCO
aruco_bc_nmarkers: 20
aruco_bc_mInfoType: 1
aruco_bc_markers:
   - { id:0, corners:[ [ -7.0671916007995605e+00,
       -1.8889994919300079e-01, 4.3563839793205261e-01 ], [
       -6.9643316268920898e+00, -1.0192240774631500e-01,
       4.2670711874961853e-01 ], [ -6.8785996437072754e+00,
       -2.0495964586734772e-01, 4.1063323616981506e-01 ], [
       -6.9814596176147461e+00, -2.9193717241287231e-01,
       4.1956451535224915e-01 ] ] }
   - { id:1, corners:[ [ -7.7215771675109863e+00,
       -3.8657271862030029e-01, 4.9517548084259033e-01 ], [
       -7.8526163101196289e+00, -3.6100018024444580e-01,
       5.1516997814178467e-01 ], [ -7.8253417015075684e+00,
       -2.2917389869689941e-01, 5.2531623840332031e-01 ], [
       -7.6943025588989258e+00, -2.5474643707275391e-01,
       5.0532174110412598e-01 ] ] }
   - { id:2, corners:[ [ -8.5966482162475586e+00,
       -2.5741118192672729e-01, 6.0586303472518921e-01 ], [
       -8.4629535675048828e+00, -2.4890354275703430e-01,
       5.8917790651321411e-01 ], [ -8.4554834365844727e+00,
       -3.8341408967971802e-01, 5.8045464754104614e-01 ], [
       -8.5891780853271484e+00, -3.9192172884941101e-01,
       5.9713977575302124e-01 ] ] }
   - { id:3, corners:[ [ 5.2005898952484131e-01, 3.9381571114063263e-02,
       3.9072942733764648e+00 ], [ 5.1169985532760620e-01,
       4.1115947067737579e-02, 4.0420241355895996e+00 ], [
       4.9941182136535645e-01, -9.3320168554782867e-02,
       4.0429921150207520e+00 ], [ 5.0777095556259155e-01,
       -9.5054544508457184e-02, 3.9082624912261963e+00 ] ] }
   - { id:4, corners:[ [ 5.6865668296813965e-01, 6.6519275307655334e-02,
       3.3074152469635010e+00 ], [ 5.6423532962799072e-01,
       6.2963977456092834e-02, 3.4422960281372070e+00 ], [
       5.6345081329345703e-01, -7.1986198425292969e-02,
       3.4387133121490479e+00 ], [ 5.6787216663360596e-01,
       -6.8430900573730469e-02, 3.3038325309753418e+00 ] ] }
   - { id:5, corners:[ [ 6.3390123844146729e-01, 6.3909120857715607e-02,
       2.6531054973602295e+00 ], [ 6.2448847293853760e-01,
       6.3348077237606049e-02, 2.7877757549285889e+00 ], [
       6.1884796619415283e-01, -7.1530647575855255e-02,
       2.7868196964263916e+00 ], [ 6.2826073169708252e-01,
       -7.0969603955745697e-02, 2.6521494388580322e+00 ] ] }
   - { id:6, corners:[ [ 7.1789461374282837e-01, 1.0172373056411743e-01,
       1.9675788879394531e+00 ], [ 6.9657236337661743e-01,
       1.0186487436294556e-01, 2.1008841991424561e+00 ], [
       6.9072014093399048e-01, -3.3005889505147934e-02,
       2.1000909805297852e+00 ], [ 7.1204239130020142e-01,
       -3.3147033303976059e-02, 1.9667855501174927e+00 ] ] }
   - { id:7, corners:[ [ 7.3468917608261108e-01, 7.6320677995681763e-02,
       1.3445174694061279e+00 ], [ 7.2201722860336304e-01,
       7.7329963445663452e-02, 1.4789175987243652e+00 ], [
       7.1743923425674438e-01, -5.7591140270233154e-02,
       1.4794991016387939e+00 ], [ 7.3011118173599243e-01,
       -5.8600425720214844e-02, 1.3450989723205566e+00 ] ] }
   - { id:8, corners:[ [ 7.0808094739913940e-01, 8.3468109369277954e-02,
       6.7421996593475342e-01 ], [ 7.0506405830383301e-01,
       8.7084993720054626e-02, 8.0913776159286499e-01 ], [
       7.0482033491134644e-01, -4.7866448760032654e-02,
       8.1275010108947754e-01 ], [ 7.0783722400665283e-01,
       -5.1483333110809326e-02, 6.7783230543136597e-01 ] ] }
   - { id:9, corners:[ [ 5.0504308938980103e-01, -8.9809387922286987e-02,
       1.2185473740100861e-01 ], [ 5.0523281097412109e-01,
       4.5096818357706070e-02, 1.1682638525962830e-01 ], [
       5.0150841474533081e-01, 5.0128493458032608e-02,
       2.5168114900588989e-01 ], [ 5.0131869316101074e-01,
       -8.4777712821960449e-02, 2.5670951604843140e-01 ] ] }
   - { id:10, corners:[ [ -6.7500002682209015e-02,
       6.7500047385692596e-02, 0. ], [ 6.7500002682209015e-02,
       6.7500047385692596e-02, 0. ], [ 6.7500002682209015e-02,
       -6.7499957978725433e-02, 0. ], [ -6.7500002682209015e-02,
       -6.7499957978725433e-02, 0. ] ] }
   - { id:11, corners:[ [ -7.0498728752136230e-01,
       3.7885934114456177e-01, 4.0714349597692490e-02 ], [
       -5.7018285989761353e-01, 3.8483512401580811e-01,
       4.4843733310699463e-02 ], [ -5.6388115882873535e-01,
       2.5045233964920044e-01, 3.3593665808439255e-02 ], [
       -6.9868558645248413e-01, 2.4447657167911530e-01,
       2.9464280232787132e-02 ] ] }
   - { id:12, corners:[ [ -1.3577004671096802e+00,
       1.8843275308609009e-01, -4.8500444740056992e-02 ], [
       -1.2670621871948242e+00, 2.8838753700256348e-01,
       -4.4169869273900986e-02 ], [ -1.1670390367507935e+00,
       1.9772553443908691e-01, -4.5050952583551407e-02 ], [
       -1.2576773166656494e+00, 9.7770743072032928e-02,
       -4.9381528049707413e-02 ] ] }
   - { id:13, corners:[ [ -2.0596601963043213e+00,
       9.2283502221107483e-02, 2.5614140555262566e-02 ], [
       -1.9249171018600464e+00, 9.5893666148185730e-02,
       1.8114643171429634e-02 ], [ -1.9215943813323975e+00,
       -3.8964465260505676e-02, 1.2895124033093452e-02 ], [
       -2.0563375949859619e+00, -4.2574629187583923e-02,
       2.0394621416926384e-02 ] ] }
   - { id:14, corners:[ [ -2.7574441432952881e+00,
       4.7898709774017334e-02, 6.2609642744064331e-02 ], [
       -2.6230762004852295e+00, 5.3206339478492737e-02,
       5.0689686089754105e-02 ], [ -2.6173937320709229e+00,
       -8.1613942980766296e-02, 5.4714687168598175e-02 ], [
       -2.7517616748809814e+00, -8.6921572685241699e-02,
       6.6634640097618103e-02 ] ] }
   - { id:15, corners:[ [ -3.4016997814178467e+00,
       8.6400493979454041e-02, 1.2060552835464478e-01 ], [
       -3.2672684192657471e+00, 9.3292877078056335e-02,
       1.1032534390687943e-01 ], [ -3.2604572772979736e+00,
       -4.1528686881065369e-02, 1.0900081694126129e-01 ], [
       -3.3948886394500732e+00, -4.8421069979667664e-02,
       1.1928100138902664e-01 ] ] }
   - { id:16, corners:[ [ -3.9856448173522949e+00,
       -2.6340296864509583e-01, 1.6535177826881409e-01 ], [
       -3.9410800933837891e+00, -1.3598297536373138e-01,
       1.6712379455566406e-01 ], [ -3.8141160011291504e+00,
       -1.8021872639656067e-01, 1.5494388341903687e-01 ], [
       -3.8586807250976562e+00, -3.0763870477676392e-01,
       1.5317186713218689e-01 ] ] }
   - { id:17, corners:[ [ -4.6950559616088867e+00,
       2.4318225681781769e-02, 2.4693150818347931e-01 ], [
       -4.5605182647705078e+00, 2.9395885765552521e-02,
       2.3698939383029938e-01 ], [ -4.5559844970703125e+00,
       -1.0532218962907791e-01, 2.2954063117504120e-01 ], [
       -4.6905221939086914e+00, -1.1039984971284866e-01,
       2.3948274552822113e-01 ] ] }
   - { id:18, corners:[ [ -5.4176306724548340e+00,
       -1.4921225607395172e-02, 3.0218827724456787e-01 ], [
       -5.2836518287658691e+00, -7.8236982226371765e-03,
       2.8721010684967041e-01 ], [ -5.2772850990295410e+00,
       -1.4249861240386963e-01, 2.8034466505050659e-01 ], [
       -5.4112639427185059e+00, -1.4959612488746643e-01,
       2.9532283544540405e-01 ] ] }
   - { id:19, corners:[ [ -6.1725215911865234e+00,
       -5.9530504047870636e-02, 3.5584446787834167e-01 ], [
       -6.0389003753662109e+00, -5.3000696003437042e-02,
       3.3774176239967346e-01 ], [ -6.0335254669189453e+00,
       -1.8760135769844055e-01, 3.2886633276939392e-01 ], [
       -6.1671466827392578e+00, -1.9413116574287415e-01,
       3.4696903824806213e-01 ] ] }
