%YAML:1.0
---
image_width: 900
image_height: 600
camera_matrix: !!opencv-matrix
   rows: 3
   cols: 3
   dt: f
   data: [ 1.16477466e+03, 0., 4.74381592e+02, 0., 1.16589966e+03,
       3.00507416e+02, 0., 0., 1. ]
distortion_coefficients: !!opencv-matrix
   rows: 1
   cols: 5
   dt: f
   data: [ -4.16046947e-01, 3.24503988e-01, -2.37246417e-03,
       5.55053260e-03, 3.13026428e-01 ]
